# Letter confusion scoring matrix
# Simpson et al (2013) "A letter visual-similarity matrix for Latin-based alphabets"
# Behav Res 45:431–439 DOI 10.3758/s13428-012-0271-4
# Values are multipled by 100 such that they are all integers and a value of 1000 is set for matches to  the same character
1000  213  250  257  340  106  330  157  116  113  113  110  140  163  313  203  260  143  213  107  240  123  113  110  107  137
 213 1000  303  560  227  183  353  370  143  143  213  277  123  177  420  507  467  127  140  163  193  140  110  107  120  113
 250  303 1000  357  443  124  247  130  110  113  130  117  120  200  523  260  277  140  243  140  217  153  123  123  129  147
 257  560  357 1000  287  143  410  273  173  127  133  230  113  193  490  510  510  133  127  137  183  155  107  123  113  123
 340  227  443  287 1000  133  237  123  120  117  120  107  113  173  413  240  243  127  220  120  157  123  130  130  137  133
 106  183  124  143  133 1000  140  180  416  367  157  403  133  120  117  163  147  380  127  480  127  123  113  128  140  130
 330  353  247  410  237  140 1000  157  153  233  117  130  127  170  347  450  530  127  180  113  173  120  117  120  267  123
 157  370  130  273  123  180  157 1000  193  160  277  253  253  553  147  247  217  237  123  197  333  140  130  123  150  120
 116  143  110  173  120  416  153  193 1000  517  190  613  163  150  133  160  155  270  107  390  167  167  130  140  150  113
 113  143  113  127  117  367  233  160  517 1000  147  467  113  130  100  157  163  230  117  380  130  137  110  126  287  123
 113  213  130  133  120  157  117  277  190  147 1000  280  120  153  103  153  147  200  140  213  126  197  207  355  203  150
 110  277  117  230  107  403  130  253  613  467  280 1000  107  137  123  180  183  326  110  450  129  137  133  127  181  110
 140  123  120  113  113  133  127  253  163  113  120  107 1000  467  130  133  117  223  120  107  227  133  340  110  120  110
 163  177  200  193  173  120  170  553  150  130  153  137  467 1000  240  183  190  313  152  110  453  197  161  103  143  157
 313  420  523  490  413  117  347  147  133  100  103  123  130  240 1000  360  410  113  227  113  283  127  113  107  117  127
 203  507  260  510  240  163  450  247  160  157  153  180  133  183  360 1000  557  177  126  133  180  113  117  110  197  117
 260  467  277  510  243  147  530  217  155  163  147  183  117  190  410  557 1000  147  123  180  230  120  103  110  203  117
 143  127  140  133  127  380  127  237  270  230  200  326  223  313  113  177  147 1000  160  337  197  167  103  143  127  130
 213  140  243  127  220  127  180  123  107  117  140  110  120  152  227  126  123  160 1000  120  133  113  110  163  133  217
 107  163  140  137  120  480  113  197  390  380  213  450  107  110  113  133  180  337  120 1000  160  140  100  147  150  127
 240  193  217  183  157  127  173  333  167  130  126  129  227  453  283  180  230  197  133  160 1000  493  273  140  313  157
 123  140  153  155  123  123  120  140  167  137  197  137  133  197  127  113  120  167  113  140  493 1000  503  263  533  197
 113  110  123  107  130  113  117  130  130  110  207  133  340  161  113  117  103  103  110  100  273  503 1000  223  243  167
 110  107  123  123  130  128  120  123  140  126  355  127  110  103  107  110  110  143  163  147  140  263  223 1000  310  180
 107  120  129  113  137  140  267  150  150  287  203  181  120  143  117  197  203  127  133  150  313  533  243  310 1000  193
 137  113  147  123  133  130  123  120  113  123  150  110  110  157  127  117  117  130  217  127  157  197  167  180  193 1000
   a    b    c    d    e    f    g    h    i    j    k    l    m    n    o    p    q    r    s    t    u    v    w    x    y    z
